name: dstoolbox
channels:
  - conda-forge
  - defaults
dependencies:
  - asttokens=2.4.1=pyhd8ed1ab_0
  - blas=1.0=mkl
  - bzip2=1.0.8=h2466b09_7
  - ca-certificates=2024.7.4=h56e8100_0
  - colorama=0.4.6=pyhd8ed1ab_0
  - comm=0.2.2=pyhd8ed1ab_0
  - debugpy=1.8.5=py312h275cf98_0
  - decorator=5.1.1=pyhd8ed1ab_0
  - exceptiongroup=1.2.2=pyhd8ed1ab_0
  - executing=2.0.1=pyhd8ed1ab_0
  - icc_rt=2022.1.0=h6049295_2
  - importlib-metadata=8.2.0=pyha770c72_0
  - importlib_metadata=8.2.0=hd8ed1ab_0
  - intel-openmp=2023.1.0=h59b6b97_46320
  - ipykernel=6.29.5=pyh4bbf305_0
  - ipython=8.26.0=pyh7428d3b_0
  - jedi=0.19.1=pyhd8ed1ab_0
  - joblib=1.4.2=py312haa95532_0
  - jupyter_client=8.6.2=pyhd8ed1ab_0
  - jupyter_core=5.7.2=py312h2e8e312_0
  - krb5=1.21.3=hdf4eb48_0
  - libexpat=2.6.2=h63175ca_0
  - libffi=3.4.2=h8ffe710_5
  - libsodium=1.0.18=h8d14728_1
  - libsqlite=3.46.0=h2466b09_0
  - libzlib=1.3.1=h2466b09_1
  - matplotlib-inline=0.1.7=pyhd8ed1ab_0
  - mkl=2023.1.0=h6b88ed4_46358
  - mkl-service=2.4.0=py312h2bbff1b_1
  - mkl_fft=1.3.8=py312h2bbff1b_0
  - mkl_random=1.2.4=py312h59b6b97_0
  - nest-asyncio=1.6.0=pyhd8ed1ab_0
  - numpy=1.26.4=py312hfd52020_0
  - numpy-base=1.26.4=py312h4dde369_0
  - openssl=3.3.1=h2466b09_2
  - packaging=24.1=pyhd8ed1ab_0
  - parso=0.8.4=pyhd8ed1ab_0
  - pickleshare=0.7.5=py_1003
  - pip=24.2=pyhd8ed1ab_0
  - platformdirs=4.2.2=pyhd8ed1ab_0
  - prompt-toolkit=3.0.47=pyha770c72_0
  - psutil=6.0.0=py312h4389bb4_0
  - pure_eval=0.2.3=pyhd8ed1ab_0
  - pybind11-abi=5=hd3eb1b0_0
  - pygments=2.18.0=pyhd8ed1ab_0
  - python=3.12.4=h889d299_0_cpython
  - python-dateutil=2.9.0=pyhd8ed1ab_0
  - python_abi=3.12=4_cp312
  - pywin32=306=py312h53d5487_2
  - pyzmq=26.1.0=py312hd7027bb_0
  - scikit-learn=1.3.0=py312hc7c4135_2
  - scipy=1.13.1=py312hbb039d4_0
  - setuptools=72.1.0=pyhd8ed1ab_0
  - six=1.16.0=pyh6c4a22f_0
  - stack_data=0.6.2=pyhd8ed1ab_0
  - tbb=2021.8.0=h59b6b97_0
  - threadpoolctl=3.5.0=py312hfc267ef_0
  - tk=8.6.13=h5226925_1
  - tornado=6.4.1=py312h4389bb4_0
  - traitlets=5.14.3=pyhd8ed1ab_0
  - typing_extensions=4.12.2=pyha770c72_0
  - tzdata=2024a=h0c530f3_0
  - ucrt=10.0.22621.0=h57928b3_0
  - vc=14.3=h8a93ad2_20
  - vc14_runtime=14.40.33810=ha82c5b3_20
  - vs2015_runtime=14.40.33810=h3bf8584_20
  - wcwidth=0.2.13=pyhd8ed1ab_0
  - wheel=0.44.0=pyhd8ed1ab_0
  - xz=5.2.6=h8d14728_0
  - zeromq=4.3.5=he1f189c_4
  - zipp=3.19.2=pyhd8ed1ab_0
prefix: C:\Users\platon\miniconda3\envs\dstoolbox
